Movie Report
-------------
FrameFrame #    Frame Bytes    Total Bytes    Page
------------    -----------    -----------    ---------------
    1        103110         103110        Scene 1
    2            13         103123          2
    3            13         103136          3
    4            13         103149          4
    5            13         103162          5
    6            13         103175          6
    7            13         103188          7
    8            13         103201          8
    9            13         103214          9
   10            13         103227          10
   11            13         103240          11
   12         23491         126731          12
   13            50         126781          13
   14            50         126831          14
   15            50         126881          15
   16            50         126931          16
   17            50         126981          17
   18            50         127031          18
   19            50         127081          19
   20            50         127131          20
   21            50         127181          21
   22            50         127231          22
   23            50         127281          23
   24            50         127331          24
   25            50         127381          25
   26            50         127431          26
   27            50         127481          27
   28            50         127531          28
   29            50         127581          29
   30            50         127631          30
   31            50         127681          31
   32            50         127731          32
   33            50         127781          33
   34            50         127831          34
   35            50         127881          35
   36            50         127931          36
   37            50         127981          37
   38            50         128031          38
   39            50         128081          39
   40            40         128121          40
   41            13         128134          41
   42            13         128147          42
   43            13         128160          43
   44            13         128173          44
   45            13         128186          45
   46            13         128199          46
   47            13         128212          47
   48            13         128225          48
   49             8         128233          49
   50             2         128235          50
   51            12         128247          51

Page                       Shape Bytes    Text Bytes
-----------------------    -----------    ----------
Scene 1                           0             0

Embedded Objects                237             0

Page                       Symbol Bytes    Text Bytes
-----------------------    ------------    ----------
Symbol 5                          0             0
Symbol 4                          0             0
Symbol 3                          0             0

Bitmap                     Compressed    Compression
-----------------------    ----------  --------  -----------
bathroom1.jpg copy             15542      914000   JPEG Quality=50
bathroom.jpg copy 2             7781      361200   =50
standard room.jpg              33458     2340000   =50
illustration.gif               69475      460096   
