Movie Report
-------------
FrameFrame #    Frame Bytes    Total Bytes    Page
------------    -----------    -----------    ---------------
    1         13463          13463        Scene 1
    2            22          13485          2
    3            22          13507          3
    4            22          13529          4
    5            22          13551          5
    6            22          13573          6
    7            22          13595          7
    8            22          13617          8
    9            22          13639          9
   10            22          13661          10
   11            22          13683          11
   12            22          13705          12
   13            22          13727          13
   14            22          13749          14
   15            22          13771          15
   16            22          13793          16
   17            22          13815          17
   18            22          13837          18
   19            22          13859          19
   20            22          13881          20
   21            22          13903          21
   22            22          13925          22
   23            22          13947          23
   24            23          13970          24
   25            23          13993          25
   26            23          14016          26
   27            23          14039          27
   28            23          14062          28
   29            23          14085          29
   30            23          14108          30
   31            23          14131          31
   32            23          14154          32
   33            23          14177          33
   34            23          14200          34
   35            23          14223          35
   36            23          14246          36
   37            23          14269          37
   38            23          14292          38
   39            23          14315          39
   40            23          14338          40
   41            23          14361          41
   42            23          14384          42
   43            23          14407          43
   44            23          14430          44
   45            23          14453          45
   46            23          14476          46
   47            23          14499          47
   48            18          14517          48
   49             2          14519          49
   50             2          14521          50
   51             2          14523          51
   52             2          14525          52
   53             2          14527          53
   54             2          14529          54
   55             2          14531          55
   56             2          14533          56
   57             2          14535          57
   58             2          14537          58
   59             2          14539          59
   60             2          14541          60
   61             2          14543          61
   62             2          14545          62
   63             2          14547          63
   64             2          14549          64
   65             2          14551          65
   66             2          14553          66
   67             2          14555          67
   68             2          14557          68
   69             2          14559          69
   70             2          14561          70
   71             2          14563          71
   72             2          14565          72
   73             2          14567          73
   74             2          14569          74
   75             6          14575          75
   76             2          14577          76
   77             2          14579          77
   78             2          14581          78
   79             2          14583          79
   80             2          14585          80
   81             2          14587          81
   82         33539          48126          82
   83            13          48139          83
   84            13          48152          84
   85            13          48165          85
   86            13          48178          86
   87            13          48191          87
   88            13          48204          88
   89            13          48217          89
   90            13          48230          90
   91            13          48243          91
   92            13          48256          92
   93         23491          71747          93
   94            50          71797          94
   95            50          71847          95
   96            50          71897          96
   97            50          71947          97
   98            50          71997          98
   99            50          72047          99
  100            50          72097          100
  101            50          72147          101
  102            50          72197          102
  103            50          72247          103
  104            50          72297          104
  105            50          72347          105
  106            50          72397          106
  107            50          72447          107
  108            50          72497          108
  109            50          72547          109
  110            50          72597          110
  111            50          72647          111
  112            50          72697          112
  113            50          72747          113
  114            50          72797          114
  115            50          72847          115
  116            50          72897          116
  117            50          72947          117
  118            50          72997          118
  119            50          73047          119
  120            50          73097          120
  121            40          73137          121
  122            13          73150          122
  123            13          73163          123
  124            13          73176          124
  125            13          73189          125
  126            13          73202          126
  127            13          73215          127
  128            13          73228          128
  129            13          73241          129
  130             8          73249          130
  131             2          73251          131
  132            12          73263          132

Page                       Shape Bytes    Text Bytes
-----------------------    -----------    ----------
Scene 1                           0             0

Embedded Objects                232             0

Page                       Symbol Bytes    Text Bytes
-----------------------    ------------    ----------
Logo                              0             0
Symbol 8                          0             0
Symbol 7                          0             0
Symbol 6                          0             0
Symbol 5                          0             0
Symbol 4                          0             0
Symbol 3                          0             0

Bitmap                     Compressed    Compression
-----------------------    ----------  --------  -----------
bathroom1.jpg copy             15542      914000   JPEG Quality=50
bathroom.jpg copy 2             7781      361200   =50
standard room.jpg              33458     2340000   =50
logo.png                       13356      436000   
